0	1
0.01	0.98986
0.02	0.979819
0.03	0.969875
0.04	0.960029
0.05	0.950279
0.06	0.940624
0.07	0.931063
0.08	0.921595
0.09	0.912219
0.1	0.902934
0.11	0.89374
0.12	0.884635
0.13	0.875618
0.14	0.866689
0.15	0.857847
0.16	0.849091
0.17	0.840419
0.18	0.831831
0.19	0.823327
0.2	0.814905
0.21	0.806565
0.22	0.798305
0.23	0.790125
0.24	0.782024
0.25	0.774001
0.26	0.766055
0.27	0.758187
0.28	0.750394
0.29	0.742676
0.3	0.735032
0.31	0.727462
0.32	0.719965
0.33	0.712539
0.34	0.705185
0.35	0.697902
0.36	0.690688
0.37	0.683543
0.38	0.676467
0.39	0.669458
0.4	0.662516
0.41	0.655641
0.42	0.648831
0.43	0.642086
0.44	0.635405
0.45	0.628788
0.46	0.622234
0.47	0.615742
0.48	0.609312
0.49	0.602942
0.5	0.596633
0.51	0.590384
0.52	0.584194
0.53	0.578062
0.54	0.571988
0.55	0.565971
0.56	0.560012
0.57	0.554108
0.58	0.548259
0.59	0.542466
0.6	0.536727
0.61	0.531042
0.62	0.52541
0.63	0.51983
0.64	0.514303
0.65	0.508827
0.66	0.503403
0.67	0.498029
0.68	0.492705
0.69	0.48743
0.7	0.482205
0.71	0.477027
0.72	0.471898
0.73	0.466816
0.74	0.461782
0.75	0.456793
0.76	0.451851
0.77	0.446954
0.78	0.442102
0.79	0.437295
0.8	0.432532
0.81	0.427813
0.82	0.423137
0.83	0.418503
0.84	0.413912
0.85	0.409363
0.86	0.404855
0.87	0.400389
0.88	0.395963
0.89	0.391577
0.9	0.387231
0.91	0.382925
0.92	0.378657
0.93	0.374429
0.94	0.370238
0.95	0.366085
0.96	0.36197
0.97	0.357892
0.98	0.35385
0.99	0.349845
1	0.345876
1.01	0.341943
1.02	0.338045
1.03	0.334182
1.04	0.330353
1.05	0.326559
1.06	0.322799
1.07	0.319072
1.08	0.315379
1.09	0.311719
1.1	0.308091
1.11	0.304496
1.12	0.300933
1.13	0.297402
1.14	0.293902
1.15	0.290433
1.16	0.286995
1.17	0.283588
1.18	0.280211
1.19	0.276865
1.2	0.273548
1.21	0.27026
1.22	0.267002
1.23	0.263773
1.24	0.260572
1.25	0.257401
1.26	0.254257
1.27	0.251141
1.28	0.248053
1.29	0.244993
1.3	0.24196
1.31	0.238954
1.32	0.235975
1.33	0.233023
1.34	0.230097
1.35	0.227197
1.36	0.224324
1.37	0.221476
1.38	0.218653
1.39	0.215857
1.4	0.213085
1.41	0.210338
1.42	0.207616
1.43	0.204919
1.44	0.202246
1.45	0.199598
1.46	0.196973
1.47	0.194373
1.48	0.191796
1.49	0.189243
1.5	0.186713
1.51	0.184207
1.52	0.181724
1.53	0.179263
1.54	0.176825
1.55	0.17441
1.56	0.172018
1.57	0.169648
1.58	0.1673
1.59	0.164974
1.6	0.162669
1.61	0.160387
1.62	0.158126
1.63	0.155887
1.64	0.153669
1.65	0.151473
1.66	0.149297
1.67	0.147143
1.68	0.145009
1.69	0.142896
1.7	0.140804
1.71	0.138732
1.72	0.136681
1.73	0.13465
1.74	0.132639
1.75	0.130648
1.76	0.128677
1.77	0.126726
1.78	0.124794
1.79	0.122882
1.8	0.12099
1.81	0.119117
1.82	0.117264
1.83	0.115429
1.84	0.113614
1.85	0.111818
1.86	0.11004
1.87	0.108282
1.88	0.106542
1.89	0.104821
1.9	0.103118
1.91	0.101434
1.92	0.0997676
1.93	0.0981199
1.94	0.0964904
1.95	0.0948789
1.96	0.0932854
1.97	0.0917098
1.98	0.090152
1.99	0.0886118
2	0.0870893
2.01	0.0855844
2.02	0.0840968
2.03	0.0826267
2.04	0.0811737
2.05	0.079738
2.06	0.0783194
2.07	0.0769177
2.08	0.075533
2.09	0.0741651
2.1	0.0728139
2.11	0.0714794
2.12	0.0701615
2.13	0.06886
2.14	0.0675749
2.15	0.0663062
2.16	0.0650536
2.17	0.0638172
2.18	0.0625967
2.19	0.0613923
2.2	0.0602036
2.21	0.0590308
2.22	0.0578736
2.23	0.0567321
2.24	0.0556059
2.25	0.0544952
2.26	0.0533998
2.27	0.0523197
2.28	0.0512546
2.29	0.0502046
2.3	0.0491694
2.31	0.0481492
2.32	0.0471436
2.33	0.0461527
2.34	0.0451764
2.35	0.0442145
2.36	0.0432669
2.37	0.0423336
2.38	0.0414144
2.39	0.0405094
2.4	0.0396182
2.41	0.0387409
2.42	0.0378772
2.43	0.0370273
2.44	0.0361909
2.45	0.0353679
2.46	0.0345582
2.47	0.0337618
2.48	0.0329785
2.49	0.0322081
2.5	0.0314507
2.51	0.030706
2.52	0.029974
2.53	0.0292546
2.54	0.0285476
2.55	0.027853
2.56	0.0271706
2.57	0.0265003
2.58	0.025842
2.59	0.0251956
2.6	0.024561
2.61	0.023938
2.62	0.0233266
2.63	0.0227266
2.64	0.0221379
2.65	0.0215604
2.66	0.020994
2.67	0.0204385
2.68	0.0198939
2.69	0.01936
2.7	0.0188366
2.71	0.0183238
2.72	0.0178213
2.73	0.0173291
2.74	0.016847
2.75	0.0163749
2.76	0.0159126
2.77	0.0154602
2.78	0.0150173
2.79	0.014584
2.8	0.0141601
2.81	0.0137454
2.82	0.0133399
2.83	0.0129434
2.84	0.0125558
2.85	0.012177
2.86	0.0118068
2.87	0.0114452
2.88	0.011092
2.89	0.0107471
2.9	0.0104104
2.91	0.0100818
2.92	0.00976104
2.93	0.00944811
2.94	0.00914289
2.95	0.00884522
2.96	0.00855502
2.97	0.00827213
2.98	0.00799647
2.99	0.00772789
3	0.0074663
3.01	0.00721154
3.02	0.00696354
3.03	0.00672214
3.04	0.00648727
3.05	0.00625877
3.06	0.00603655
3.07	0.00582048
3.08	0.00561047
3.09	0.00540637
3.1	0.00520811
3.11	0.00501554
3.12	0.00482857
3.13	0.00464708
3.14	0.00447097
3.15	0.00430012
3.16	0.00413443
3.17	0.00397378
3.18	0.00381809
3.19	0.00366722
3.2	0.00352109
3.21	0.00337959
3.22	0.00324262
3.23	0.00311006
3.24	0.00298184
3.25	0.00285784
3.26	0.00273796
3.27	0.00262211
3.28	0.0025102
3.29	0.00240212
3.3	0.00229778
3.31	0.00219709
3.32	0.00209995
3.33	0.00200629
3.34	0.00191599
3.35	0.00182899
3.36	0.00174518
3.37	0.0016645
3.38	0.00158683
3.39	0.00151213
3.4	0.00144026
3.41	0.0013712
3.42	0.00130482
3.43	0.00124109
3.44	0.00117988
3.45	0.00112117
3.46	0.00106482
3.47	0.00101083
3.48	0.000959053
3.49	0.000909488
3.5	0.000862003
3.51	0.00081659
3.52	0.000773121
3.53	0.000731594
3.54	0.00069188
3.55	0.000653982
3.56	0.000617772
3.57	0.000583258
3.58	0.000550311
3.59	0.000518944
3.6	0.000489031
3.61	0.000460588
3.62	0.00043349
3.63	0.000407755
3.64	0.000383263
3.65	0.000360035
3.66	0.00033795
3.67	0.000317034
3.68	0.000297169
3.69	0.000278383
3.7	0.00026056
3.71	0.000243729
3.72	0.00022778
3.73	0.000212743
3.74	0.000198509
3.75	0.000185111
3.76	0.000172443
3.77	0.000160541
3.78	0.0001493
3.79	0.000138758
3.8	0.000128814
3.81	0.000119505
3.82	0.000110737
3.83	0.000102543
3.84	9.48364e-05
3.85	8.76501e-05
3.86	8.08993e-05
3.87	7.46182e-05
3.88	6.87262e-05
3.89	6.32566e-05
3.9	5.81334e-05
3.91	5.33889e-05
3.92	4.89515e-05
3.93	4.48526e-05
3.94	4.1025e-05
3.95	3.74988e-05
3.96	3.42115e-05
3.97	3.11914e-05
3.98	2.83808e-05
3.99	2.58062e-05
4	2.34146e-05
4.01	2.12306e-05
4.02	1.92056e-05
4.03	1.73624e-05
4.04	1.56569e-05
4.05	1.41097e-05
4.06	1.26813e-05
4.07	1.13901e-05
4.08	1.02008e-05
4.09	9.12979e-06
4.1	8.14564e-06
4.11	7.26299e-06
4.12	6.45403e-06
4.13	5.73156e-06
4.14	5.07128e-06
4.15	4.48424e-06
4.16	3.94937e-06
4.17	3.47609e-06
4.18	3.04632e-06
4.19	2.66795e-06
4.2	2.32562e-06
4.21	2.02585e-06
4.22	1.75573e-06
4.23	1.52054e-06
4.24	1.30954e-06
4.25	1.12695e-06
4.26	9.63934e-07
4.27	8.23805e-07
4.28	6.99364e-07
4.29	5.93165e-07
4.3	4.99421e-07
4.31	4.20048e-07
4.32	3.50454e-07
4.33	2.92038e-07
4.34	2.41205e-07
4.35	1.98941e-07
4.36	1.62473e-07
4.37	1.32471e-07
4.38	1.06827e-07
4.39	8.59756e-08
4.4	6.8344e-08
4.41	5.41953e-08
4.42	4.23779e-08
4.43	3.30374e-08
4.44	2.53471e-08
4.45	1.9375e-08
4.46	1.45407e-08
4.47	1.08641e-08
4.48	7.9472e-09
4.49	5.78308e-09
4.5	4.10672e-09
4.51	2.8989e-09
4.52	1.98931e-09
4.53	1.35616e-09
4.54	8.94778e-10
4.55	5.86277e-10
4.56	3.69837e-10
4.57	2.31698e-10
4.58	1.3888e-10
4.59	8.27274e-11
4.6	4.67912e-11
4.61	2.63428e-11
4.62	1.39485e-11
4.63	7.37344e-12
4.64	3.62104e-12
4.65	1.78431e-12
4.66	8.03428e-13
4.67	3.66018e-13
4.68	1.4888e-13
4.69	6.21036e-14
4.7	2.23562e-14
4.71	8.43937e-15
4.72	2.6075e-15
4.73	8.77658e-16
4.74	2.21189e-16
4.75	6.50928e-17
4.76	1.21191e-17
4.77	3.03406e-18
4.78	3.21447e-19
4.79	6.5721e-20
4.8	0
4.81	0
4.82	0
4.83	0
4.84	0
4.85	0
4.86	0
4.87	0
4.88	0
4.89	0
4.9	0
4.91	0
4.92	0
4.93	0
4.94	0
4.95	0
4.96	0
4.97	0
4.98	0
4.99	0
5	0
5.01	0
5.02	0
5.03	0
5.04	0
5.05	0
5.06	0
5.07	0
5.08	0
5.09	0
5.1	0
5.11	0
5.12	0
5.13	0
5.14	0
5.15	0
5.16	0
5.17	0
5.18	0
5.19	0
5.2	0
5.21	0
5.22	0
5.23	0
5.24	0
5.25	0
5.26	0
5.27	0
5.28	0
5.29	0
5.3	0
5.31	0
5.32	0
5.33	0
5.34	0
5.35	0
5.36	0
5.37	0
5.38	0
5.39	0
5.4	0
5.41	0
5.42	0
5.43	0
5.44	0
5.45	0
5.46	0
5.47	0
5.48	0
5.49	0
5.5	0
5.51	0
5.52	0
5.53	0
5.54	0
5.55	0
5.56	0
5.57	0
5.58	0
5.59	0
5.6	0
5.61	0
5.62	0
5.63	0
5.64	0
5.65	0
5.66	0
5.67	0
5.68	0
5.69	0
5.7	0
5.71	0
5.72	0
5.73	0
5.74	0
5.75	0
5.76	0
5.77	0
5.78	0
5.79	0
5.8	0
5.81	0
5.82	0
5.83	0
5.84	0
5.85	0
5.86	0
5.87	0
5.88	0
5.89	0
5.9	0
5.91	0
5.92	0
5.93	0
5.94	0
5.95	0
5.96	0
5.97	0
5.98	0
5.99	0
6	0
6.01	0
6.02	0
6.03	0
6.04	0
6.05	0
6.06	0
6.07	0
6.08	0
6.09	0
6.1	0
6.11	0
6.12	0
6.13	0
6.14	0
6.15	0
6.16	0
6.17	0
6.18	0
6.19	0
6.2	0
6.21	0
6.22	0
6.23	0
6.24	0
6.25	0
6.26	0
6.27	0
6.28	0
6.29	0
6.3	0
6.31	0
6.32	0
6.33	0
6.34	0
6.35	0
6.36	0
6.37	0
6.38	0
6.39	0
6.4	0
6.41	0
6.42	0
6.43	0
6.44	0
6.45	0
6.46	0
6.47	0
6.48	0
6.49	0
6.5	0
6.51	0
6.52	0
6.53	0
6.54	0
6.55	0
6.56	0
6.57	0
6.58	0
6.59	0
6.6	0
6.61	0
6.62	0
6.63	0
6.64	0
6.65	0
6.66	0
6.67	0
6.68	0
6.69	0
6.7	0
6.71	0
6.72	0
6.73	0
6.74	0
6.75	0
6.76	0
6.77	0
6.78	0
6.79	0
6.8	0
6.81	0
6.82	0
6.83	0
6.84	0
6.85	0
6.86	0
6.87	0
6.88	0
6.89	0
6.9	0
6.91	0
6.92	0
6.93	0
6.94	0
6.95	0
6.96	0
6.97	0
6.98	0
6.99	0
7	0
7.01	0
7.02	0
7.03	0
7.04	0
7.05	0
7.06	0
7.07	0
7.08	0
7.09	0
7.1	0
7.11	0
7.12	0
7.13	0
7.14	0
7.15	0
7.16	0
7.17	0
7.18	0
7.19	0
7.2	0
7.21	0
7.22	0
7.23	0
7.24	0
7.25	0
7.26	0
7.27	0
7.28	0
7.29	0
7.3	0
7.31	0
7.32	0
7.33	0
7.34	0
7.35	0
7.36	0
7.37	0
7.38	0
7.39	0
7.4	0
7.41	0
7.42	0
7.43	0
7.44	0
7.45	0
7.46	0
7.47	0
7.48	0
7.49	0
7.5	0
7.51	0
7.52	0
7.53	0
7.54	0
7.55	0
7.56	0
7.57	0
7.58	0
7.59	0
7.6	0
7.61	0
7.62	0
7.63	0
7.64	0
7.65	0
7.66	0
7.67	0
7.68	0
7.69	0
7.7	0
7.71	0
7.72	0
7.73	0
7.74	0
7.75	0
7.76	0
7.77	0
7.78	0
7.79	0
7.8	0
7.81	0
7.82	0
7.83	0
7.84	0
7.85	0
7.86	0
7.87	0
7.88	0
7.89	0
7.9	0
7.91	0
7.92	0
7.93	0
7.94	0
7.95	0
7.96	0
7.97	0
7.98	0
7.99	0
8	0
8.01	0
8.02	0
8.03	0
8.04	0
8.05	0
8.06	0
8.07	0
8.08	0
8.09	0
8.1	0
8.11	0
8.12	0
8.13	0
8.14	0
8.15	0
8.16	0
8.17	0
8.18	0
8.19	0
8.2	0
8.21	0
8.22	0
8.23	0
8.24	0
8.25	0
8.26	0
8.27	0
8.28	0
8.29	0
8.3	0
8.31	0
8.32	0
8.33	0
8.34	0
8.35	0
8.36	0
8.37	0
8.38	0
8.39	0
8.4	0
8.41	0
8.42	0
8.43	0
8.44	0
8.45	0
8.46	0
8.47	0
8.48	0
8.49	0
8.5	0
8.51	0
8.52	0
8.53	0
8.54	0
8.55	0
8.56	0
8.57	0
8.58	0
8.59	0
8.6	0
8.61	0
8.62	0
8.63	0
8.64	0
8.65	0
8.66	0
8.67	0
8.68	0
8.69	0
8.7	0
8.71	0
8.72	0
8.73	0
8.74	0
8.75	0
8.76	0
8.77	0
8.78	0
8.79	0
8.8	0
8.81	0
8.82	0
8.83	0
8.84	0
8.85	0
8.86	0
8.87	0
8.88	0
8.89	0
8.9	0
8.91	0
8.92	0
8.93	0
8.94	0
8.95	0
8.96	0
8.97	0
8.98	0
8.99	0
9	0
9.01	0
9.02	0
9.03	0
9.04	0
9.05	0
9.06	0
9.07	0
9.08	0
9.09	0
9.1	0
9.11	0
9.12	0
9.13	0
9.14	0
9.15	0
9.16	0
9.17	0
9.18	0
9.19	0
9.2	0
9.21	0
9.22	0
9.23	0
9.24	0
9.25	0
9.26	0
9.27	0
9.28	0
9.29	0
9.3	0
9.31	0
9.32	0
9.33	0
9.34	0
9.35	0
9.36	0
9.37	0
9.38	0
9.39	0
9.4	0
9.41	0
9.42	0
9.43	0
9.44	0
9.45	0
9.46	0
9.47	0
9.48	0
9.49	0
9.5	0
9.51	0
9.52	0
9.53	0
9.54	0
9.55	0
9.56	0
9.57	0
9.58	0
9.59	0
9.6	0
9.61	0
9.62	0
9.63	0
9.64	0
9.65	0
9.66	0
9.67	0
9.68	0
9.69	0
9.7	0
9.71	0
9.72	0
9.73	0
9.74	0
9.75	0
9.76	0
9.77	0
9.78	0
9.79	0
9.8	0
9.81	0
9.82	0
9.83	0
9.84	0
9.85	0
9.86	0
9.87	0
9.88	0
9.89	0
9.9	0
9.91	0
9.92	0
9.93	0
9.94	0
9.95	0
9.96	0
9.97	0
9.98	0
9.99	0
10	0
